0.45208694946583682927610  0.22535967231977716007663
0.62001267849468288950732  0.55308746013468479407749
0.74094248364723402922039  0.02032265906237189570516
0.56293086128445846139101  0.17898560789366513290588
0.21111186882998414504620  0.15717942554372335561830
0.71460511335851861769441  0.36814021662256690703430
0.33262077548197505061367  0.35737352555495383032991
0.37684400210941398912112  0.61714345292055206027015
0.33001323571894936037552  0.53245272838159130035507
0.93300590940425442987305  0.03031935730498254086274
0.57743822484157891761214  0.00424491241771956552553
0.34424300461273782403282  0.69217852628425624583741
0.44449125949502515942058  0.56459833288779404103508
0.20418084515453355232140  0.66746451224548020153549
0.07605730978588448598643  0.29520557136051617241890
0.52003785619513964721961  0.27624907171179030607178
0.91814826005983551926448  0.31780682565542256456936
0.37931879068693091783260  0.21091507524760211289561
0.84966968644860652037920  0.39842014172972184393728
0.24732205143539329195157  0.74171847465528106813082
0.06240353130847380025426  0.81615070151917201712877
0.04484043272437548272036  0.63315279857867989843356
0.39908571187364205723469  0.43355946030167835658631
0.83384929030847232400703  0.50502221449512163520268
0.90835901950875252985895  0.79004088360352486830607
0.21713072444178663222836  0.31608569310795781026613
0.45224406544689277342997  0.86600796592701601017694
0.99588333535747752822687  0.81121735312566967124326
0.13005398313051741432389  0.81729447460607362874185
0.26823470428038143076321  0.22067484037050735801166
0.88204210711738195715981  0.48169432183806520919589
0.83646713236182324013868  0.50309360516401646634677
0.49422199162385521686858  0.38901322213421257734112
0.14522440971118602548451  0.78665401590366568207457
0.29404529290927822193780  0.01923792623879291494027
0.33182629539250690919872  0.00454666186335806864899
0.41574593745905252806239  0.44197087429555637072554
0.20448428541630706001264  0.76738499187276931756685
0.43955840563381015639877  0.65812348744744597617284
0.08145352922447655907856  0.98946567577750688116112
0.94961279255785646657984  0.14220451989313798168979
0.03136584397003326640796  0.16573960434912685113495
0.58553029577505322222919  0.00768109131962111790076
0.09610180887212130262931  0.18310171374264253008057
0.39050287259300375808380  0.18177967061371527734970
0.17092400471257232497102  0.71974720420304094670172
0.79126104050840295744962  0.72430782472915378189526
0.44161022288799761659206  0.14301607857598741535554
0.67123262662032279202151  0.40675560776458846712345
0.34149969943868913047069  0.58544846604831912717515
0.63236887409927733383341  0.22366698655470598766648
0.17104302494369588716339  0.72012022869667047242359
0.06068370494092056172120  0.91102894205182272102661
0.66342906498509879309466  0.25229520455575327186892
0.32550296854484034314581  0.72839233313146622972312
0.08994294055269236309869  0.67100186910061254685900
0.52841397399474587803780  0.05366092969368255194418
0.87924536172265432831807  0.47679447265192609339834
0.48470186092178424441812  0.38417651242771022612743
0.85464437252592495575243  0.00796904322131026729426
