0.27901584295510123423512  0.41927254638600747194133
0.71368710962761527927256  0.93925151132943640597261
0.00015091383836740340958  0.53640888144094911460513
0.42407037803161440336908  0.35084357734343202261940
0.62800441106222770759615  0.87013672286185284043825
0.38790113916057217258171  0.45444587173613060215871
0.87176626914728727602011  0.77568555845678111015928
0.94718098312019416429308  0.27078330110329357216514
0.05494164305503556472443  0.40419482598276568197093
0.30244029234277097772932  0.11399340495187482158457
0.88715702616011582470890  0.44813867306715748917156
0.86667823971560142837234  0.26117490011322075371680
0.56654620290107382540867  0.94203215834779296944390
0.73448535135690373731876  0.49530025548082790010085
0.51139386627422356301764  0.99671047087605602055049
0.71288401387300526224067  0.44162116359994801895184
0.32689662432619215337581  0.15156505031118405746327
0.35380058007026116140281  0.32634924087969086059502
0.95169146496415668590174  0.07845165258201382274539
0.53692494590623529582274  0.09756584609745343195097
0.78917535989972542598281  0.67027383468592249826656
0.29233956629984991781868  0.35109080157759170459641
0.78310211458387879446263  0.59723981125151726079281
0.80950770425121654216838  0.39598535019717429062069
0.32578076390818727636756  0.39729900490366809595599
0.40437541594932574495758  0.33761586031765483673084
0.30976435882494057771908  0.20957877077608311200407
0.39040043362900633816537  0.46008800270971283996602
0.69906154214360827214847  0.12733880762352553506211
0.18333972859351882478407  0.39081847127099450522891
0.48604665160460708284162  0.98607351863108272382874
0.93762763260753245742052  0.70762123479862759634074
0.99009326053321977667565  0.49742978182501612627320
0.30234313304645155096040  0.48103711171123997303312
0.79073653081000616626994  0.90887332377437191066605
0.43395267586873503828926  0.44262332582968444416593
0.17023721950605383290700  0.17694823824658442723567
0.96904021034438170278946  0.65881525802370866085056
0.70804160447234365527436  0.05524636667931748928995
0.52568477928903178941766  0.18408551075686024889322
0.92517929055037873009582  0.48833628021568820098963
0.46786158507124592231818  0.34966029243062263232034
0.74053488147469925806377  0.16975294527120560195144
0.03775117315247243643395  0.48396717360427937704159
0.03628676712340059284934  0.87169504299373135047801
0.57858759564281792009410  0.32171996884128079008391
0.14751631540596313318936  0.30671302802242011997791
0.92586197281529292180124  0.96217710662734556859021
0.31063108579750686732979  0.77665899869830301582851
0.30779112237868416768194  0.04539381854487295475664
0.93390828367970335488479  0.19652380477475178688351
0.97558684925343230887052  0.68817540243648711584257
0.16398875003866328348145  0.15892189981365664741553
0.00037016812729191413481  0.22141571539520085720731
0.33392864714093911659987  0.33877249776328566266415
0.74936990754183840923730  0.66003605567851852953254
0.22598778886068043858515  0.17676738145610662589213
0.92938013278384701276735  0.09189169811638617235694
0.42377024210233715795226  0.30645901398102709523030
0.65664797912195693729842  0.28258510273070314156030
