0.24278757965322006473485  0.53085123166947212336453
0.01665066881880660973336  0.84779083768268626020159
0.82060893290704528535429  0.97433536871072623508638
0.65454192117533738226598  0.88606919389500715666941
0.16494179338446901539328  0.17672141277078604049144
0.15678443860112895036352  0.07605956917445155784918
0.33317911500724922690964  0.74138592683774695579757
0.47327236201300859619323  0.28858835263577681251590
0.30444274950048083594467  0.76929085458130153085676
0.47139294793428526686441  0.70127593153215750376717
0.34458126097199565096574  0.37725315633102002310650
0.49379845545338396650692  0.27064080502402076966462
0.66001003871672325740150  0.78872071196731208253539
0.02900603461498675594843  0.50442377408241101388597
0.85037100308126345460380  0.18544878679581394687048
0.83775967724516975376758  0.22689545956761364431387
0.43198895288258276625726  0.43833109756853949612321
0.03075683444307969471865  0.93011648484045472695669
0.46776071352314235740621  0.65431218345384678514165
0.02486730880330657172950  0.94485905717353291244365
0.24617391556788884021678  0.44499894950771656798594
0.09734437619212286951775  0.06693066100912664628808
0.90361958039161727196387  0.13428764191190137311516
0.97239761332627272505391  0.08668717466606161436982
0.95134461249753121681039  0.24890224600625329709480
0.30004862709904489559420  0.91727565364785290658034
0.65191085946369486947560  0.66581500632027867947471
0.35281122492291555614585  0.69825727944181170681048
0.61009557852991647131091  0.87638835230674050347233
0.45903721938796210322309  0.03854625347934022977503
0.84688222727127482336584  0.54959374831504825831274
0.02212793101655688779439  0.90413659527159140338881
0.82375672963622803557371  0.87935499608486655809259
0.31941919835257304161047  0.47846671169552335012298
0.59002346666065208502516  0.52440416557919422579914
0.66081088951826605359940  0.24862013349710970766537
0.55858368592270823960177  0.11600930295698777539037
0.76835479809360340830438  0.73909155919174274185224
0.91183533561967100578016  0.21648575980983941757785
0.47616512397125604350023  0.90723858489992026399307
0.95889641296067107401058  0.17201262999885372217967
0.01627239073453116621759  0.49007107526532889263393
0.62456198438283150320416  0.01327152224875591778053
0.05447443484071382707734  0.55182636787734296035524
0.54576491450228026280911  0.67091803982430975317186
0.11949532717442853946288  0.35796382062042308991323
0.29793316745103021192520  0.36274534946435382787300
0.66108844739435634885183  0.91353535694700449543149
0.78874420830455804765080  0.42390897470708421845842
0.63813790196466158022304  0.18371832006784077906403
0.75380538019994525189560  0.20702502047970192111670
0.46951920235041494366968  0.20923390342352626847244
0.59421483920617723661906  0.96880253822021300535994
0.66425986712065521189174  0.21558669685180611996778
0.36561398830526226078064  0.87430144654321551023202
0.38441205182318205491043  0.81335499222080920311839
0.05735425514045835310162  0.95296614568352988605682
0.50201050308626637974641  0.29052537087841207030792
0.85990835347208582906120  0.47969680534661596205126
0.26420746057490235303433  0.53478988238367708429877
