Cube Coordinates:
(100 100, 100), (100 -100, 100), (-100 100, 100), (-100 -100, 100), (100 100, -100), (100 -100, -100), (-100 100, -100), (-100 -100, -100), 
(100 97, 100), (100 -100, 98), (-100 97, 100), (-100 -100, 98), (100 100, -98), (100 -97, -100), (-100 100, -98), (-100 -97, -100), 
(100 95, 102), (100 -102, 96), (-100 95, 102), (-100 -102, 96), (100 102, -96), (100 -95, -102), (-100 102, -96), (-100 -95, -102), 
(100 93, 104), (100 -104, 94), (-100 93, 104), (-100 -104, 94), (100 104, -94), (100 -93, -104), (-100 104, -94), (-100 -93, -104), 
Tetrahedron Coordinates:
(57 0, 0), (0 0, 81), (-28 50, 0), (-28 -50, 0), 
(57 0, 0), (0 -1, 80), (-28 49, 0), (-28 -49, 0), 
(57 0, 0), (0 -2, 80), (-28 49, 1), (-28 -49, -1), 
(57 0, 0), (0 -4, 80), (-28 49, 2), (-28 -49, -2), 
