0.65641911870633207204406  0.43612809732376045523949
0.00493172044164115561810  0.88742546266290611711725
0.95975097546342336141123  0.53464461375709837476222
0.77202341555246312143623  0.39754519024749529476637
0.54201248965319825945386  0.60391360130343285650412
0.97589710679645513824454  0.90267392802176715793649
0.24070826184037527606385  0.58375675118703240773499
0.19971720045419280586962  0.64698803361830670155541
0.92788102288166107722844  0.89635157207788507260915
0.98087191301438581003680  0.51424203278228730606969
0.86584497190352760487286  0.25644278258850927709744
0.03384696507539924209551  0.86594202223510574611964
0.88756770542243856869646  0.35042503492460819192189
0.59356197789011611032350  0.99616239918217175386417
0.50144305476054695791532  0.75342136051199459778616
0.75280612509362687667647  0.41254444858643435356527
0.63454739220186484605080  0.83802073674184307527923
0.61452242015605906821918  0.27831556288447023561616
0.64966539929139677234105  0.92636589050589401850289
0.43152173256106757248673  0.58575915386237165094485
0.85409896488026670891003  0.84130274264202575817961
0.77519558452777359569552  0.71218915829071272050044
0.76318339200838625213663  0.82326948494802665301506
0.69023352148487859825110  0.75479559635501147774050
0.84958793867825899148727  0.02448536549903702203013
0.52553794231523665025918  0.71619649218218239816736
0.11444410593921509888826  0.46208852038816011775779
0.32176216380752725720882  0.85668711311029599464462
0.34031004474512771551531  0.59092203136110776906520
0.62658108613760266081272  0.94831471468709160888011
0.32540974594904564787257  0.16160016561001547263920
0.01398340752999456884642  0.01913035661872958606566
0.52390369098815303683381  0.24933443788873704827225
0.56389759600344002699046  0.42689602981642632562043
0.84157312467767542152330  0.31950645768991969841721
0.94503439448076975715196  0.19306803829645180492491
0.89451964846556986099557  0.19173176083328749563783
0.43570432506301642883173  0.88259133411692047843644
0.71255250308315853935426  0.86991931864522364925563
0.73398847027401836751181  0.14421989542628632641197
0.90378242959444521353873  0.87129419384118833580288
0.84151588885184180899302  0.35754393290613961653435
0.24088035348843800376173  0.47610108017739888319753
0.83085454154333782117448  0.17227971887787790761237
0.50523518049401938689869  0.48767856298372080914305
0.41360806739591438052628  0.51078872313294032547759
0.82606969532839469305685  0.75336938433040367968374
0.87924244109505900190982  0.42770748465680863414917
0.47969462698311293724629  0.22759570517930932664896
0.20101694865199595807503  0.49185599409595875952661
0.62369277077898976902048  0.40439848248120324747390
0.72529506158330248055677  0.03410003056474962546130
0.11921370174699169597332  0.62468526168944560339469
0.08519321451205444373223  0.84235630409901784965143
0.48240299219377480444138  0.74708980077276465614489
0.33828158785509021555526  0.49864708050091149926786
0.76148197881946433351885  0.22761801873688494723957
0.57604091082515240795914  0.51958823833595413344000
0.71952171238117001994539  0.00141999032414517846121
0.86577737790801445605382  0.12039049999806587798457
