0.97978180133727466039062  0.19273507557471053486253
0.29841518415995649249339  0.46400017638877044667822
0.45096456606451634785415  0.36146184632622724297590
0.08925120490102618486805  0.04500077154720238253871
0.32796739383040340864994  0.14798810758999925152324
0.23612426511762862890720  0.54052383198427211841164
0.58404415966199907384038  0.03019143921797696333842
0.42751893653884481816263  0.31076640836464541894912
0.05102538459516381408321  0.58363889091817611198820
0.21883966178579239425517  0.03819563381289860226619
0.95401749338676100631318  0.17201135129295819226058
0.99478118074814847471288  0.28730483413082774646341
0.73234723682158964219724  0.56000926045701338029659
0.07564050102403410691387  0.28990071094124608697129
0.36124878952337835524844  0.50840551942046985356427
0.77156489983739562354970  0.69127156710777037940119
0.20122838029695133688080  0.04538765086111969104810
0.83024802283861121043884  0.97851984853787343787701
0.98309437603833826901933  0.86717807635067867266798
0.66192922585733660056917  0.04449898425699164161706
0.89442840725855365935359  0.65824079451069272828079
0.05303334121267932327326  0.33136576150141922036951
0.26435355435328256046290  0.99018801562031177887491
0.08997853057923657638106  0.26916344522925256255164
0.83002396804747358149967  0.21283097388820301776313
0.05017813902822236549195  0.34398264733328609565888
0.31635373053902465789733  0.95714916938783101141297
0.80608990127504331901775  0.95297072965324425286582
0.57905328207605200052654  0.14851185220690063526483
0.03870004137917423814308  0.43159545978139873811941
0.82489254596870975611012  0.96902009610506711911881
0.32075523786281945337606  0.93328276040651036993268
0.68335415221906925520301  0.13323634589707308850670
0.30326549210737713258013  0.98312584868777819213648
0.39613889548747749369539  0.90641645803415049620355
0.14141017996771734765993  0.68089471742552454269770
0.79751577079180435703165  0.84755969785505891334054
0.93584184997521424609346  0.69397253342623477223583
0.59636929472739308444318  0.17873648329579108762211
0.02407475236061716247771  0.62436292489262434912689
0.66767867033727401615550  0.67541235856498238465662
0.65551040165848584173602  0.16332067417135492926050
0.93057079796240238511729  0.10340135409655112908034
0.86655830073475759167678  0.24536044907074441856487
0.77306753200156030914059  0.94601035022456680945169
0.59595622429435901601380  0.23626171529118983327677
0.85064889902744855731953  0.85604595432805175025948
0.56435439156571143293206  0.10425904491183303479662
0.28176783317782350124503  0.67197221967949172238832
0.83709615321694696987720  0.07504711722724470568391
0.31689923830185978692597  0.12549813935789191909898
0.24722818808966698367335  0.16415722303286064964745
0.99044751328902669307297  0.45135584867156847144187
0.93774862305156359010283  0.74110762762888693355734
0.79589755870210820987154  0.65026910633326928667941
0.07287014325748669696381  0.72849772857897809874572
0.86132422688478804673196  0.27628125263204855732724
0.45901298684022062701615  0.63126982358809091699925
0.75192504504319512825816  0.60423204098093885594523
0.32791276663910262634261  0.22986890339752141798613
