Cube Coordinates:
(135 100, 37), (135 -100, 37), (-37 100, 135), (-37 -100, 135), (37 100, -135), (37 -100, -135), (-135 100, -37), (-135 -100, -37), 
(135 98, 37), (135 -99, 35), (-37 96, 135), (-37 -101, 133), (37 101, -133), (37 -96, -135), (-135 99, -35), (-135 -98, -37), 
(135 97, 39), (135 -100, 33), (-37 94, 137), (-37 -103, 131), (37 103, -131), (37 -94, -137), (-135 100, -33), (-135 -97, -39), 
(135 97, 41), (135 -100, 31), (-37 91, 139), (-37 -106, 129), (37 106, -129), (37 -91, -139), (-135 100, -31), (-135 -97, -41), 
Tetrahedron Coordinates:
(57 0, 0), (0 0, 81), (-28 50, 0), (-28 -50, 0), 
(57 0, 0), (0 -1, 80), (-28 49, 0), (-28 -49, 0), 
(57 0, 0), (0 -2, 80), (-28 49, 1), (-28 -49, -1), 
(57 0, 0), (0 -4, 80), (-28 49, 2), (-28 -49, -2), 
